png 800 800 mpray_redchair.png

expose 2

aa 20
fisheye
gi 2

color 1.5 1.5 1.5
sun -1 3 -2
color 0.25 0.25 0.25
sun 0 1 2

eye 15 42 40
forward -.7 -1.1 -1.8

color 0.2 0.2 0.2
plane 0 1 0 0

color 0.75 0 0

xyz -3.831845 17.381281 2.830768
xyz -4.381156 17.381281 9.840731
xyz -5.979993 17.838312 2.662473
xyz -6.939346 18.110237 6.102196
xyz -4.563087 17.473835 2.773479
xyz -7.963599 0.187500 9.803986
xyz -7.905915 1.205628 9.830495
xyz -7.865463 8.109992 9.754009
xyz -7.526619 9.883557 9.840741
xyz -8.070867 5.902874 9.440588
xyz -8.027170 13.651012 9.400917
xyz -7.926332 14.693976 9.555469
xyz -7.653281 16.110235 9.695698
xyz -7.743495 10.355396 9.789633
xyz -7.845997 16.110235 9.615871
xyz -8.038197 15.083161 9.325897
xyz -7.684037 14.347804 9.765032
xyz -7.887075 13.252550 9.634549
xyz -7.365382 14.375546 9.840741
xyz -8.008491 12.141749 9.487563
xyz -8.070867 12.129553 9.216347
xyz -8.070867 11.134381 9.252186
xyz -8.070867 10.139210 9.288025
xyz -8.070867 9.144039 9.323864
xyz -8.070867 8.148868 9.359703
xyz -7.636879 11.951532 9.812541
xyz -8.007185 6.260389 9.646953
xyz -8.047198 5.350831 9.591147
xyz -8.019571 7.389122 9.595581
xyz -7.576105 8.504908 9.840741
xyz -7.477133 11.262207 9.840741
xyz -7.427648 12.640858 9.840741
xyz -7.834432 11.689282 9.713364
xyz -7.620196 13.197367 9.805734
xyz -7.855546 9.426373 9.738153
xyz -7.729536 8.112154 9.820023
xyz -7.705516 9.194233 9.817272
xyz -7.943047 10.228230 9.638878
xyz -7.830936 6.565087 9.798141
xyz -7.625591 7.126258 9.840741
xyz -7.687857 5.391569 9.840741
xyz -7.801085 5.581388 9.821687
xyz -8.012551 0.187500 9.783756
xyz -7.853261 4.524224 9.813967
xyz -7.972475 1.558649 9.791539
xyz -7.874654 0.187500 9.840741
xyz -7.750122 3.656879 9.840741
xyz -7.902398 2.819496 9.813613
xyz -8.070867 0.187500 9.646416
xyz -8.033253 0.187500 9.735003
xyz -7.812388 1.922190 9.840741
xyz -7.925822 16.110235 9.423156
xyz -8.042438 1.738898 9.704681
xyz -8.037993 9.144039 9.504359
xyz -8.037891 10.636795 9.460564
xyz -7.969266 11.219764 9.580085
xyz -8.058477 2.842833 9.632876
xyz -8.070867 1.922190 9.583944
xyz -8.070867 3.656879 9.521473
xyz -8.008938 3.177495 9.720613
xyz -7.958116 5.391569 9.728887
xyz -8.047036 4.196191 9.625340
xyz -8.070867 14.375546 9.135462
xyz -8.070867 13.252550 9.175904
xyz -7.961780 8.709395 9.650935
xyz -7.933841 7.056980 9.718018
xyz -8.070867 7.025870 9.400146
xyz -8.070867 4.779876 9.481030
xyz -8.056496 6.464373 9.528033
xyz -7.988934 4.294616 9.719522
xyz -6.570882 16.110235 9.840741
xyz -6.570882 16.110235 8.340741
xyz -8.070867 0.187500 8.715741
xyz -8.070882 16.110235 8.340741
xyz -7.303116 16.110235 9.840741
xyz -8.070867 16.110235 9.072990
xyz 7.653281 16.110235 9.695698
xyz 7.963599 0.187500 9.803986
xyz 7.864430 13.252550 9.657184
xyz 7.630770 13.651012 9.797148
xyz 8.035749 13.197367 9.390397
xyz 8.043569 4.524224 9.624402
xyz 8.042520 11.951532 9.407224
xyz 7.446000 12.129553 9.840741
xyz 7.785460 14.693976 9.696308
xyz 8.070867 16.110235 9.072990
xyz 7.925822 16.110235 9.423156
xyz 7.995063 14.347804 9.454098
xyz 7.481721 11.134381 9.840741
xyz 7.717266 12.141749 9.778568
xyz 7.690079 10.636795 9.807982
xyz 7.809731 11.219764 9.739464
xyz 7.868467 10.228230 9.713365
xyz 7.517443 10.139210 9.840741
xyz 7.553164 9.144039 9.840741
xyz 7.588885 8.148868 9.840741
xyz 8.070867 9.883557 9.297232
xyz 7.983592 8.109992 9.636112
xyz 7.947404 7.056980 9.704488
xyz 8.070867 8.504908 9.346881
xyz 8.070867 12.640858 9.197933
xyz 8.019475 10.355396 9.513988
xyz 8.070867 11.262207 9.247582
xyz 8.070867 14.375546 9.135462
xyz 7.967811 9.426373 9.626056
xyz 8.047154 9.194233 9.476172
xyz 7.733712 9.144039 9.808155
xyz 7.824791 7.389122 9.789919
xyz 7.880376 8.709395 9.732198
xyz 8.070867 7.126258 9.396530
xyz 8.051428 5.581388 9.572144
xyz 8.049874 8.112154 9.500316
xyz 8.027775 6.565087 9.601827
xyz 8.070867 5.391569 9.459002
xyz 7.854152 4.196191 9.817423
xyz 8.070867 3.656879 9.521473
xyz 8.020630 1.558649 9.743723
xyz 8.033253 0.187500 9.735003
xyz 8.012551 0.187500 9.783756
xyz 8.070867 1.922190 9.583944
xyz 7.812388 1.922190 9.840741
xyz 7.933295 1.738898 9.813087
xyz 8.060104 1.205628 9.677476
xyz 7.555907 15.083161 9.808106
xyz 7.365382 14.375546 9.840741
xyz 7.943170 11.689282 9.604720
xyz 7.949520 3.177495 9.779733
xyz 7.861496 2.842833 9.828796
xyz 7.750122 3.656879 9.840741
xyz 7.948581 4.294616 9.759710
xyz 8.043076 2.819496 9.673697
xyz 7.405691 13.252550 9.840741
xyz 7.629194 7.025870 9.840741
xyz 7.876091 6.260389 9.777677
xyz 7.669503 5.902874 9.840741
xyz 7.709813 4.779876 9.840741
xyz 7.757055 6.464373 9.826662
xyz 7.820078 5.350831 9.817510
xyz 7.958116 5.391569 9.728887
xyz 8.070882 16.110235 8.340741
xyz 6.945866 0.187500 9.840741
xyz 7.874654 0.187500 9.840741
xyz 6.570882 16.110235 9.840741
xyz 6.570882 16.110235 8.340741
xyz 8.070867 0.187500 8.715741
xyz 7.303116 16.110235 9.840741
xyz 7.845997 16.110235 9.615871
xyz -8.063591 0.000000 9.696969
xyz -8.063591 0.187500 9.696969
xyz -8.043555 0.000000 9.743950
xyz -7.924071 0.000000 9.834275
xyz -7.971365 0.187500 9.814994
xyz -7.971365 0.000000 9.814994
xyz -7.924071 0.187500 9.834275
xyz -8.070867 0.000000 8.715741
xyz -6.945866 0.187500 9.840741
xyz 7.971365 0.000000 9.814994
xyz 8.043555 0.000000 9.743950
xyz 8.063591 0.187500 9.696969
xyz 8.070867 0.187500 9.646416
xyz 8.070867 0.000000 9.646416
xyz 8.070867 0.000000 8.715741
xyz 6.945866 0.000000 9.840741
xyz 6.945866 0.187500 8.715741
xyz 6.945866 0.000000 8.715741
xyz 7.924071 0.000000 9.834275
xyz 7.873408 0.000000 9.840741
xyz 8.012108 0.000000 9.784194
xyz 8.063591 0.000000 9.696969
xyz -8.070867 0.000000 9.646416
xyz -7.873408 0.000000 9.840741
xyz -8.012108 0.000000 9.784194
xyz -6.945866 0.000000 9.840741
xyz -6.945866 0.000000 8.715741
xyz 7.873408 0.187500 9.840741
xyz 8.012108 0.187500 9.784194
xyz 8.043555 0.187500 9.743950
xyz 7.924071 0.187500 9.834275
xyz 7.971365 0.187500 9.814994
xyz -8.043555 0.187500 9.743950
xyz -8.012108 0.187500 9.784194
xyz -6.945866 0.187500 8.715741
xyz -7.873408 0.187500 9.840741
xyz -7.077197 18.533983 -4.518154
xyz -0.496970 32.341331 -8.841855
xyz -6.916358 31.608141 -7.365495
xyz -5.668071 31.385485 -7.315520
xyz -6.449586 32.497608 -7.638116
xyz -4.155685 32.515839 -7.810363
xyz -5.746649 30.997736 -7.216839
xyz -5.825228 30.609987 -7.118159
xyz -5.220525 32.032192 -7.531197
xyz -4.301910 32.069904 -8.966212
xyz -5.682680 31.043169 -8.515598
xyz -5.668974 32.785622 -9.106365
xyz -6.170902 32.471287 -8.955624
xyz -5.276740 31.629759 -8.711226
xyz -4.574981 33.196148 -9.374020
xyz -6.962379 30.906334 -8.480776
xyz -6.506281 31.986660 -8.794001
xyz -6.959427 30.920900 -8.484482
xyz -7.077197 30.609987 -7.118159
xyz -6.841659 31.502033 -8.632379
xyz -5.167046 33.099957 -9.257107
xyz -4.806482 33.621395 -8.152603
xyz -5.722573 33.191330 -7.909334
xyz -5.825228 20.838463 -4.951022
xyz -5.825228 20.568241 -6.169448
xyz -7.077197 20.568241 -6.169448
xyz -7.077197 30.339764 -8.336585
xyz -7.077197 19.689749 -4.715820
xyz -7.077197 20.838463 -4.951022
xyz -5.825228 18.343657 -5.751587
xyz -5.825228 19.459351 -5.942400
xyz -7.077197 19.459351 -5.942400
xyz -7.077197 18.343657 -5.751587
xyz -5.753954 30.691465 -8.426092
xyz -4.310890 32.068443 -8.964440
xyz -5.479710 31.336464 -8.613413
xyz -5.444298 31.708839 -7.423359
xyz -3.952572 32.126659 -9.035195
xyz -4.104629 32.524136 -7.820445
xyz -4.550726 32.451660 -7.732356
xyz -5.756805 30.947622 -7.204086
xyz -4.885625 32.241924 -7.631776
xyz -4.669207 32.010231 -8.893684
xyz -4.972973 31.819994 -8.802456
xyz -5.825228 19.689749 -4.715820
xyz -5.825228 30.339764 -8.336585
xyz 0.503030 21.186703 -6.266606
xyz 0.503030 32.341331 -8.841855
xyz 0.503030 32.412186 -8.534967
xyz 0.503030 21.257553 -5.959717
xyz -0.496970 32.412186 -8.534967
xyz -0.496970 21.257553 -5.959717
xyz -0.496970 21.186703 -6.266606
xyz -2.504527 21.150124 -6.173063
xyz -2.488043 32.395000 -8.446345
xyz -1.505897 21.138351 -6.224058
xyz -2.488043 21.220877 -5.866596
xyz -1.505897 32.312477 -8.803808
xyz -2.504527 32.324249 -8.752813
xyz -1.489413 32.383228 -8.497340
xyz -1.489413 21.209103 -5.917590
xyz 0.003433 33.265331 -9.825434
xyz 0.003433 33.136589 -8.435069
xyz -3.790870 32.121143 -9.060077
xyz -3.790988 33.745701 -8.344108
xyz -3.982917 33.292339 -9.490932
xyz -3.821214 33.286819 -9.515814
xyz -3.629285 33.740185 -8.368988
xyz -2.423425 33.710567 -8.525023
xyz -1.211994 33.703762 -8.623095
xyz -1.276081 33.248482 -9.783338
xyz -3.760644 32.580021 -7.888370
xyz -1.803252 32.538719 -8.124339
xyz -2.531313 32.090118 -9.223288
xyz -3.821072 33.286816 -9.515835
xyz -2.551597 33.255646 -9.680085
xyz -3.790728 32.121136 -9.060098
xyz -1.265944 32.082729 -9.326443
xyz -3.598941 32.574501 -7.913251
xyz -1.248068 32.543236 -8.149756
xyz 2.511392 32.340603 -8.756589
xyz 2.494909 32.411354 -8.450121
xyz 2.494909 21.259544 -5.875523
xyz 2.511392 21.188791 -6.181990
xyz 1.496279 32.399582 -8.501116
xyz 1.512763 32.328831 -8.807584
xyz 1.512763 21.177019 -6.232985
xyz 1.496279 21.247772 -5.926517
xyz 7.084062 20.838463 -4.951022
xyz 5.832094 19.689749 -4.715820
xyz 1.218943 33.703762 -8.623090
xyz 0.003433 32.098976 -9.369406
xyz 0.003433 32.553413 -8.207049
xyz 1.272917 32.082729 -9.326436
xyz 3.605807 32.574501 -7.913251
xyz 2.538285 32.090118 -9.223277
xyz 1.809887 32.538719 -8.124358
xyz 0.003433 32.682152 -9.597425
xyz 1.283066 33.248482 -9.783330
xyz 2.430374 33.710567 -8.525015
xyz 2.558581 33.255646 -9.680073
xyz 0.003433 33.719769 -8.663078
xyz 3.636151 33.740185 -8.368988
xyz 3.797854 33.745701 -8.344108
xyz 6.456452 32.497608 -7.638116
xyz 5.451164 31.708839 -7.423359
xyz 3.767509 32.580021 -7.888370
xyz 6.923223 31.608141 -7.365495
xyz 5.753515 30.997736 -7.216839
xyz 4.162550 32.515839 -7.810363
xyz 5.729439 33.191330 -7.909334
xyz 4.557591 32.451660 -7.732356
xyz 3.959438 32.126659 -9.035195
xyz 5.227391 32.032192 -7.531197
xyz 5.832094 30.609987 -7.118159
xyz 5.763671 30.947622 -7.204086
xyz 4.317755 32.068443 -8.964440
xyz 4.892491 32.241924 -7.631776
xyz 5.760820 30.691465 -8.426092
xyz 5.674937 31.385485 -7.315520
xyz 4.111495 32.524136 -7.820445
xyz 5.486576 31.336464 -8.613413
xyz 5.689547 31.043169 -8.515598
xyz 3.797594 32.121136 -9.060098
xyz 3.827939 33.286816 -9.515835
xyz 3.989782 33.292339 -9.490932
xyz 4.581847 33.196148 -9.374020
xyz 4.813348 33.621395 -8.152603
xyz 5.173912 33.099957 -9.257107
xyz 5.675840 32.785622 -9.106365
xyz 6.966293 30.920900 -8.484482
xyz 6.513146 31.986660 -8.794001
xyz 6.177769 32.471287 -8.955624
xyz 4.676072 32.010231 -8.893684
xyz 5.762606 30.682652 -8.423849
xyz 4.567010 33.198559 -9.376949
xyz 7.084062 30.339764 -8.336585
xyz 4.979839 31.819994 -8.802456
xyz 5.283606 31.629759 -8.711226
xyz 6.848524 31.502033 -8.632379
xyz 7.084062 18.343657 -5.751587
xyz 5.832094 18.343657 -5.751587
xyz 7.084062 30.609987 -7.118159
xyz 5.832094 20.838463 -4.951022
xyz 5.832094 20.568241 -6.169448
xyz 5.832094 19.459351 -5.942400
xyz 5.832094 30.339764 -8.336585
xyz 7.084062 20.568241 -6.169448
xyz 7.084062 19.689749 -4.715820
xyz 7.084062 19.459351 -5.942400
xyz -8.070867 18.110237 8.505905
xyz -8.070867 18.110237 9.053339
xyz -7.965374 18.110237 9.447040
xyz -7.677165 18.110237 9.735250
xyz -7.487259 18.110237 9.813910
xyz -6.665656 18.110237 2.608756
xyz -6.332295 18.110237 0.985662
xyz -5.609574 18.110237 -0.505391
xyz -4.541987 18.110237 -1.772602
xyz -3.195264 18.110237 -2.737952
xyz -0.008146 18.110237 -3.547578
xyz 5.593283 18.110237 -0.505391
xyz 6.316004 18.110237 0.985662
xyz 6.649365 18.110237 2.608756
xyz 7.215948 18.110237 9.840741
xyz 7.303116 18.110237 9.840741
xyz 7.500793 18.110237 9.814716
xyz 7.684999 18.110237 9.738416
xyz 3.541767 18.110237 -4.764122
xyz -3.541767 18.110237 -4.764122
xyz -3.541767 16.110235 -4.764122
xyz 0.000000 16.110235 -4.924417
xyz 8.040857 16.110235 9.274652
xyz 7.843180 16.110235 9.617039
xyz 7.684999 16.110235 9.738416
xyz 7.500793 16.110235 9.814716
xyz -7.487259 16.110235 9.813910
xyz -7.840241 16.110235 9.610116
xyz -8.044036 16.110235 9.257133
xyz -8.070867 16.110235 9.053339
xyz -8.070867 16.110235 8.505905
xyz -7.840241 18.110237 9.610116
xyz -8.044036 18.110237 9.257133
xyz -7.965374 16.110235 9.447040
xyz -7.677165 16.110235 9.735250
xyz -7.283465 16.110235 9.840741
xyz 6.542924 17.795008 9.840741
xyz 5.105999 17.427696 9.840741
xyz 1.081866 17.559868 9.840741
xyz 0.236018 17.830729 9.840741
xyz 0.103700 17.863451 9.840741
xyz -0.032532 17.863451 9.840741
xyz -0.164849 17.830729 9.840741
xyz -1.879717 17.381281 9.840741
xyz -4.381035 17.381281 9.840741
xyz -5.122290 17.427696 9.840741
xyz -5.852223 17.566319 9.840741
xyz -6.559216 17.795008 9.840741
xyz -7.232239 18.110237 9.840741
xyz -7.283465 18.110237 9.840741
xyz 8.066881 18.110237 9.076975
xyz 8.040857 18.110237 9.274652
xyz 7.964556 18.110237 9.458858
xyz 7.843180 18.110237 9.617039
xyz 7.964556 16.110235 9.458858
xyz 8.066881 16.110235 9.076975
xyz 8.070867 18.110237 8.505905
xyz 8.070867 18.110237 9.076975
xyz 8.070867 16.110235 9.076975
xyz 8.070867 16.110235 8.505905
xyz 7.054575 16.110235 -4.284548
xyz -7.054575 18.110237 -4.284548
xyz 0.000000 18.110237 -4.924417
xyz 7.054575 18.110237 -4.284548
xyz 3.541767 16.110235 -4.764122
xyz -7.054575 16.110235 -4.284548
xyz -1.652319 18.110237 -3.342008
xyz 1.636027 18.110237 -3.342008
xyz 3.178973 18.110237 -2.737952
xyz 4.525696 18.110237 -1.772602
xyz 3.815554 17.381281 2.830768
xyz 2.595922 17.381281 0.314272
xyz 0.936205 17.381281 -0.587135
xyz -0.952496 17.381281 -0.587135
xyz -1.838706 17.381281 -0.240188
xyz -2.612213 17.381281 0.314272
xyz -3.225394 17.381281 1.042110
xyz -3.640498 17.381281 1.898515
xyz -3.831968 17.381281 2.830759
xyz -5.294330 17.566389 2.716191
xyz -3.097338 17.566404 -1.179282
xyz -4.779625 17.566404 0.817570
xyz -0.665987 17.566404 -2.131144
xyz 1.924876 17.566404 -1.807209
xyz 4.047023 17.566404 -0.286024
xyz -1.783992 17.472843 -1.405733
xyz -4.386819 17.691898 -0.558567
xyz 3.327489 17.691898 -1.523085
xyz 0.596206 17.472843 -1.703328
xyz 5.143982 17.691898 0.633067
xyz -2.149158 17.743916 -2.338480
xyz -3.615570 17.447449 0.091187
xyz 2.739959 17.447449 -0.703444
xyz 0.720478 17.743916 -2.697269
xyz 4.236499 17.447449 1.072929
xyz 4.386052 17.453489 2.786073
xyz 4.698957 17.470940 1.918639
xyz 5.514553 17.684582 1.705081
xyz -4.614540 17.456135 1.881397
xyz -5.446355 17.662010 1.655910
xyz 5.278039 17.566389 2.716191
xyz 4.364743 17.381281 9.840741
xyz 5.835931 17.566319 9.840741
xyz 6.923055 18.110237 6.102196
xyz 5.963701 17.838312 2.662473
xyz 4.546857 17.473835 2.773475
xyz 1.369204 17.381281 9.036422
xyz 0.796623 17.381281 7.926498
xyz 0.236018 17.381281 6.516550
xyz 0.164797 17.381281 6.355062
xyz 0.016966 17.381281 6.246235
xyz -0.020192 17.381281 6.264438
xyz -0.057109 17.381281 6.300766
xyz -0.093629 17.381281 6.355062
xyz -0.129594 17.381281 6.427093
xyz -0.164849 17.381281 6.516550
xyz -0.008146 17.381281 -0.705207
xyz 1.822415 17.381281 -0.240188
xyz 3.209102 17.381281 1.042110
xyz 3.624207 17.381281 1.898515
xyz 3.815676 17.381281 2.830759
xyz 4.364865 17.381281 9.840731
xyz 1.950885 17.381281 9.840741
xyz 0.236018 17.548864 7.756023
xyz 0.461178 17.381281 7.082839
xyz 0.236018 17.465073 7.136287
xyz 0.200762 17.381281 6.427093
xyz 0.128278 17.381281 6.300766
xyz 0.091360 17.381281 6.264438
xyz 0.054203 17.381281 6.246235
xyz -1.298036 17.381281 9.036422
xyz -0.725454 17.381281 7.926498
xyz -1.010697 17.559868 9.840741
xyz -0.164849 17.548864 7.756023
xyz -0.390009 17.381281 7.082839
xyz -0.164849 17.465073 7.136287
xyz 6.800732 0.000000 -7.245079
xyz 6.789625 0.093746 -5.977287
xyz 6.778581 0.187500 -7.208219
xyz 6.800732 0.000000 -6.688128
xyz 6.778581 0.187500 -6.583538
xyz 6.800732 0.000000 -6.966604
xyz 6.778581 0.187500 -6.237332
xyz 6.778581 0.187500 -6.895878
xyz 6.800732 0.000000 -7.105842
xyz 6.778581 0.187500 -6.098094
xyz 6.778581 0.187500 -7.052049
xyz 6.778581 0.187500 -6.739708
xyz 6.778581 0.187500 -6.973964
xyz 6.800732 0.000000 -7.175461
xyz 6.778581 0.187500 -6.028475
xyz 6.778581 0.187500 -7.130134
xyz 6.778581 0.187500 -6.661623
xyz 6.778581 0.187500 -6.934921
xyz 6.800732 0.000000 -7.210270
xyz 6.778581 0.187500 -7.091092
xyz 6.778581 0.187500 -5.993666
xyz 6.778581 0.187500 -7.169177
xyz 6.778581 0.187500 -6.700666
xyz 6.778581 0.187500 -6.954442
xyz 6.800732 0.000000 -7.227675
xyz 6.778581 0.187500 -7.110612
xyz 6.778581 0.187500 -5.976261
xyz 6.778581 0.187500 -7.188698
xyz 6.778581 0.187500 -6.681144
xyz 6.783605 0.144848 -5.967241
xyz 6.800732 0.000000 -6.341922
xyz 6.800732 0.000000 -7.192865
xyz 6.800732 0.000000 -7.140651
xyz 6.800732 0.000000 -7.036222
xyz 6.800732 0.000000 -6.827366
xyz 6.795679 0.042652 -7.236694
xyz 6.800732 0.000000 -6.515026
xyz 6.800732 0.000000 -7.071033
xyz 6.800732 0.000000 -6.896985
xyz 6.800732 0.000000 -6.168819
xyz 6.800732 0.000000 -7.158055
xyz 6.800732 0.000000 -7.123246
xyz 6.800732 0.000000 -7.001413
xyz 6.800732 0.000000 -6.757748
xyz 6.800732 0.000000 -7.088437
xyz 6.800732 0.000000 -6.601577
xyz 6.800732 0.000000 -7.053627
xyz 6.800732 0.000000 -6.931794
xyz 6.800732 0.000000 -6.082268
xyz 6.800732 0.000000 -6.255371
xyz 6.800732 0.000000 -6.984009
xyz 6.800732 0.000000 -6.722938
xyz 6.800732 0.000000 -6.644852
xyz 6.800732 0.000000 -6.558301
xyz 6.800732 0.000000 -6.125544
xyz 6.800732 0.000000 -6.949199
xyz 6.800732 0.000000 -6.038992
xyz 6.800732 0.000000 -6.212095
xyz 6.800732 0.000000 -6.740343
xyz 6.800732 0.000000 -6.705533
xyz 6.800732 0.000000 -6.666490
xyz 6.800732 0.000000 -6.579939
xyz 6.800732 0.000000 -6.103906
xyz 6.800732 0.000000 -6.017354
xyz 6.800732 0.000000 -6.233733
xyz 6.800732 0.000000 -6.028173
xyz 6.778581 0.187500 -7.149655
xyz 6.778581 0.187500 -7.071570
xyz 6.778581 0.187500 -6.720187
xyz 6.778581 0.187500 -7.013007
xyz 6.778581 0.187500 -6.063285
xyz 6.778581 0.187500 -6.410435
xyz 6.778581 0.187500 -6.915400
xyz 6.778581 0.187500 -6.817793
xyz 6.778581 0.187500 -6.167713
xyz 6.778581 0.187500 -6.622581
xyz 6.778581 0.187500 -6.011071
xyz 6.800732 0.000000 -7.236377
xyz 6.778581 0.187500 -5.967559
xyz 6.778581 0.187500 -6.323884
xyz 6.778581 0.187500 -6.132904
xyz 6.778581 0.187500 -6.603059
xyz 6.778581 0.187500 -6.045880
xyz 6.778581 0.187500 -6.993485
xyz 6.778581 0.187500 -7.032527
xyz 6.778581 0.187500 -6.080689
xyz 6.778581 0.187500 -6.496986
xyz 6.778581 0.187500 -6.778751
xyz 6.778581 0.187500 -6.856836
xyz 6.778581 0.187500 -6.202522
xyz 6.778581 0.187500 -6.642101
xyz 6.778581 0.187500 -6.280608
xyz 6.778581 0.187500 -6.367159
xyz 6.778581 0.187500 -6.115499
xyz 6.778581 0.187500 -6.540262
xyz 6.778581 0.187500 -6.759230
xyz 6.778581 0.187500 -6.837315
xyz 6.778581 0.187500 -6.219927
xyz 6.778581 0.187500 -6.258970
xyz 6.778581 0.187500 -6.345521
xyz 6.778581 0.187500 -6.518624
xyz 6.778581 0.187500 -6.561900
xyz 6.800732 0.000000 -6.222914
xyz 6.800732 0.000000 -6.060630
xyz 6.800732 0.000000 -6.147182
xyz 6.800732 0.000000 -6.623215
xyz 6.800732 0.000000 -6.792557
xyz 6.800732 0.000000 -7.018818
xyz 6.800732 0.000000 -6.190457
xyz 6.800732 0.000000 -6.298646
xyz 6.800732 0.000000 -6.914390
xyz 6.800732 0.000000 -6.536664
xyz 6.800732 0.000000 -6.862175
xyz 6.800732 0.000000 -6.428474
xyz 6.800732 0.000000 -6.114725
xyz 6.800732 0.000000 -6.136363
xyz 6.800732 0.000000 -6.809961
xyz 6.800732 0.000000 -6.775152
xyz 6.800732 0.000000 -6.320284
xyz 6.800732 0.000000 -6.201276
xyz 6.800732 0.000000 -6.277009
xyz 6.800732 0.000000 -6.471750
xyz 6.800732 0.000000 -6.844770
xyz 6.800732 0.000000 -6.385198
xyz 6.800732 0.000000 -6.493388
xyz 6.800732 0.000000 -6.406836
xyz 6.800732 0.000000 -6.363560
xyz 6.778581 0.187500 -6.185117
xyz 6.778581 0.187500 -6.453710
xyz 6.778581 0.187500 -6.302246
xyz 6.778581 0.187500 -6.798272
xyz 6.778581 0.187500 -6.388797
xyz 6.778581 0.187500 -6.876357
xyz 6.778581 0.187500 -6.150308
xyz 6.778581 0.187500 -6.432073
xyz 6.778581 0.187500 -6.475348
xyz 6.800732 0.000000 -6.450112
xyz 6.800732 0.000000 -6.879580
xyz 8.042804 0.093746 -5.977287
xyz 8.042804 0.093746 -7.226650
xyz 8.054294 0.000000 -7.245079
xyz 8.031381 0.187500 -6.515807
xyz 8.054294 0.000000 -6.620398
xyz 8.031381 0.187500 -6.237332
xyz 8.054294 0.000000 -6.966604
xyz 8.054294 0.000000 -6.308057
xyz 8.031381 0.187500 -6.098094
xyz 8.054294 0.000000 -7.105842
xyz 8.054294 0.000000 -6.151886
xyz 8.054294 0.000000 -6.464227
xyz 8.054294 0.000000 -6.229972
xyz 8.031381 0.187500 -6.028475
xyz 8.054294 0.000000 -7.175461
xyz 8.054294 0.000000 -6.073802
xyz 8.054294 0.000000 -6.542313
xyz 8.054294 0.000000 -6.269015
xyz 8.031381 0.187500 -5.993666
xyz 8.054294 0.000000 -6.112844
xyz 8.054294 0.000000 -7.210270
xyz 8.054294 0.000000 -6.034759
xyz 8.054294 0.000000 -6.503270
xyz 8.031381 0.187500 -5.976261
xyz 8.054294 0.000000 -7.227675
xyz 8.031381 0.187500 -6.167713
xyz 8.031381 0.187500 -6.376569
xyz 8.049585 0.038420 -7.237526
xyz 8.031381 0.187500 -6.202522
xyz 8.031381 0.187500 -6.862013
xyz 8.031381 0.187500 -6.063285
xyz 8.036062 0.149079 -5.966409
xyz 8.031381 0.187500 -6.132904
xyz 8.031381 0.187500 -6.306951
xyz 8.031381 0.187500 -6.446188
xyz 8.031381 0.187500 -6.688910
xyz 8.031381 0.187500 -7.035116
xyz 8.031381 0.187500 -6.948565
xyz 8.031381 0.187500 -6.272141
xyz 8.031381 0.187500 -6.480998
xyz 8.031381 0.187500 -6.602359
xyz 8.031381 0.187500 -7.121667
xyz 8.031381 0.187500 -6.991841
xyz 8.031381 0.187500 -7.078392
xyz 8.031381 0.187500 -6.559083
xyz 8.031381 0.187500 -6.645635
xyz 8.031381 0.187500 -7.164943
xyz 8.031381 0.187500 -6.970203
xyz 8.031381 0.187500 -6.623997
xyz 8.054294 0.000000 -6.386142
xyz 8.054294 0.000000 -6.347100
xyz 8.054294 0.000000 -7.036222
xyz 8.054294 0.000000 -6.581356
xyz 8.054294 0.000000 -7.236377
xyz 8.031381 0.187500 -5.967559
xyz 8.054294 0.000000 -6.190929
xyz 8.054294 0.000000 -6.793501
xyz 8.054294 0.000000 -7.140651
xyz 8.054294 0.000000 -6.425185
xyz 8.054294 0.000000 -7.071033
xyz 8.054294 0.000000 -7.001413
xyz 8.054294 0.000000 -6.880052
xyz 8.054294 0.000000 -6.706949
xyz 8.054294 0.000000 -6.923328
xyz 8.054294 0.000000 -6.836777
xyz 8.054294 0.000000 -6.663673
xyz 8.054294 0.000000 -6.944966
xyz 8.054294 0.000000 -6.685311
xyz 8.054294 0.000000 -6.858415
xyz 8.054294 0.000000 -6.642035
xyz 8.031381 0.187500 -6.775462
xyz 8.031381 0.187500 -6.341760
xyz 8.031381 0.187500 -6.732186
xyz 8.031381 0.187500 -6.818738
xyz 8.031381 0.187500 -6.905289
xyz 8.031381 0.187500 -6.667272
xyz 8.031381 0.187500 -7.143305
xyz 8.031381 0.187500 -6.580721
xyz 8.031381 0.187500 -6.411379
xyz 8.031381 0.187500 -6.797100
xyz 8.031381 0.187500 -6.710548
xyz 8.031381 0.187500 -6.883651
xyz 8.031381 0.187500 -6.840375
xyz 8.031381 0.187500 -6.926927
xyz 8.054294 0.000000 -6.750225
xyz 8.054294 0.000000 -6.901690
xyz 8.054294 0.000000 -6.815139
xyz 8.054294 0.000000 -6.771863
xyz 8.054294 0.000000 -6.728587
xyz 8.031381 0.187500 -6.753824
xyz 6.800732 0.000000 -5.995717
xyz 6.789625 0.093746 -7.226650
xyz 8.031381 0.187500 -7.208219
xyz 8.054294 0.000000 -5.995717
xyz 8.031381 0.187500 -5.958856
xyz 5.846422 13.793155 -4.134890
xyz 5.899220 11.828883 -4.149354
xyz 5.979296 9.869118 -4.268580
xyz 6.218931 5.986848 -4.818780
xyz 7.320993 7.919639 -4.492053
xyz 7.134798 11.828762 -4.149357
xyz 6.747968 5.986848 -4.818780
xyz 7.101899 5.986848 -4.818780
xyz 7.455829 5.986848 -4.818780
xyz 6.468710 3.084275 -5.389388
xyz 7.711753 3.084013 -5.389440
xyz 6.778581 0.187500 -5.958856
xyz 6.134916 7.163401 -5.836848
xyz 7.370372 7.163401 -5.836848
xyz 5.832093 18.533943 -4.518147
xyz 7.084062 18.533943 -4.518147
xyz 7.077933 18.157850 -4.197442
xyz 5.827391 18.157850 -4.197437
xyz 5.829162 18.309153 -4.400888
xyz 7.082537 18.443562 -4.471002
xyz 5.830627 18.421547 -4.459518
xyz 5.828276 18.233501 -4.299162
xyz 7.079102 18.233503 -4.299167
xyz 5.827078 18.129391 -4.048687
xyz 7.077583 18.134045 -4.073003
xyz 5.826868 18.110237 -3.948564
xyz 7.063311 16.066500 -4.031830
xyz 7.063499 15.932104 -4.161978
xyz 7.063687 15.847426 -4.203031
xyz 5.832402 14.620672 -5.315286
xyz 5.871138 12.746432 -5.271486
xyz 5.934825 10.873774 -5.344203
xyz 6.023027 9.010237 -5.532989
xyz 7.257420 9.010166 -5.532998
xyz 7.063607 16.488979 -5.475528
xyz 7.080827 18.343616 -5.751580
xyz 5.829588 18.343616 -5.751580
xyz 6.086142 7.919780 -4.492033
xyz 5.821095 15.755959 -4.225354
xyz 5.820583 15.847426 -4.203031
xyz 5.820162 15.932103 -4.161978
xyz 5.819836 16.006226 -4.104048
xyz 5.819600 16.066500 -4.031831
xyz 5.819444 16.110233 -3.948564
xyz 5.819599 17.110249 -3.948564
xyz 5.830808 18.438780 -5.134861
xyz 5.818666 16.488920 -5.475521
xyz 6.413290 3.671441 -6.523322
xyz 5.830286 18.398052 -5.398791
xyz 6.778581 0.187500 -6.502483
xyz 7.063379 16.006227 -4.104048
xyz 7.063280 16.110233 -3.948564
xyz 7.066487 17.110260 -3.948564
xyz 7.077234 18.110237 -3.948564
xyz 7.080271 18.309156 -4.400892
xyz 7.082410 18.438780 -5.134860
xyz 7.072479 14.620715 -5.315288
xyz 7.107827 12.746419 -5.271486
xyz 7.169621 10.873710 -5.344208
xyz 7.654807 3.671085 -6.523392
xyz 7.213696 9.868951 -4.268595
xyz 7.084820 13.793105 -4.134889
xyz 7.063952 15.755959 -4.225354
xyz -6.802626 0.000000 -7.245079
xyz -6.780481 0.187500 -7.208219
xyz -6.791522 0.093746 -5.977287
xyz -6.802626 0.000000 -6.688128
xyz -6.780481 0.187500 -6.583538
xyz -6.802626 0.000000 -6.966604
xyz -6.780481 0.187500 -6.895878
xyz -6.780481 0.187500 -7.052049
xyz -6.780481 0.187500 -6.237332
xyz -6.802626 0.000000 -7.105842
xyz -6.780481 0.187500 -6.739708
xyz -6.780481 0.187500 -6.973964
xyz -6.780481 0.187500 -6.098094
xyz -6.802626 0.000000 -7.036222
xyz -6.802626 0.000000 -7.001413
xyz -6.802626 0.000000 -7.175461
xyz -6.780481 0.187500 -6.661623
xyz -6.780481 0.187500 -6.934921
xyz -6.780481 0.187500 -6.028475
xyz -6.802626 0.000000 -7.071033
xyz -6.802626 0.000000 -6.984009
xyz -6.802626 0.000000 -7.210270
xyz -6.780481 0.187500 -6.700666
xyz -6.780481 0.187500 -6.954442
xyz -6.780481 0.187500 -5.993666
xyz -6.802626 0.000000 -7.053627
xyz -6.802626 0.000000 -7.227675
xyz -6.780481 0.187500 -6.681144
xyz -6.780481 0.187500 -5.976261
xyz -6.780481 0.187500 -7.013007
xyz -6.797572 0.042664 -7.236692
xyz -6.780481 0.187500 -7.130134
xyz -6.802626 0.000000 -6.827366
xyz -6.780481 0.187500 -6.993485
xyz -6.802626 0.000000 -6.341922
xyz -6.785506 0.144836 -5.967244
xyz -6.780481 0.187500 -7.032527
xyz -6.802626 0.000000 -6.757748
xyz -6.780481 0.187500 -7.169177
xyz -6.780481 0.187500 -7.091092
xyz -6.802626 0.000000 -6.896985
xyz -6.802626 0.000000 -6.168819
xyz -6.802626 0.000000 -6.515026
xyz -6.802626 0.000000 -6.082268
xyz -6.780481 0.187500 -7.110612
xyz -6.802626 0.000000 -6.722938
xyz -6.780481 0.187500 -7.188698
xyz -6.802626 0.000000 -6.038992
xyz -6.780481 0.187500 -7.071570
xyz -6.802626 0.000000 -6.931794
xyz -6.802626 0.000000 -6.255371
xyz -6.802626 0.000000 -6.601577
xyz -6.802626 0.000000 -6.125544
xyz -6.802626 0.000000 -6.705533
xyz -6.802626 0.000000 -6.740343
xyz -6.802626 0.000000 -6.017354
xyz -6.802626 0.000000 -6.558301
xyz -6.802626 0.000000 -6.949199
xyz -6.802626 0.000000 -6.212095
xyz -6.802626 0.000000 -6.644852
xyz -6.802626 0.000000 -6.103906
xyz -6.802626 0.000000 -6.028173
xyz -6.802626 0.000000 -6.579939
xyz -6.802626 0.000000 -6.233733
xyz -6.802626 0.000000 -6.666490
xyz -6.780481 0.187500 -5.967559
xyz -6.802626 0.000000 -7.236377
xyz -6.802626 0.000000 -7.088437
xyz -6.780481 0.187500 -6.410435
xyz -6.802626 0.000000 -7.018818
xyz -6.780481 0.187500 -6.167713
xyz -6.780481 0.187500 -6.915400
xyz -6.802626 0.000000 -7.140651
xyz -6.780481 0.187500 -6.622581
xyz -6.780481 0.187500 -6.817793
xyz -6.780481 0.187500 -6.063285
xyz -6.802626 0.000000 -7.192865
xyz -6.780481 0.187500 -6.720187
xyz -6.780481 0.187500 -6.011071
xyz -6.780481 0.187500 -6.856836
xyz -6.780481 0.187500 -6.080689
xyz -6.780481 0.187500 -6.642101
xyz -6.780481 0.187500 -6.496986
xyz -6.780481 0.187500 -6.323884
xyz -6.780481 0.187500 -6.202522
xyz -6.780481 0.187500 -6.132904
xyz -6.802626 0.000000 -7.123246
xyz -6.802626 0.000000 -7.158055
xyz -6.780481 0.187500 -6.603059
xyz -6.780481 0.187500 -6.778751
xyz -6.780481 0.187500 -6.045880
xyz -6.780481 0.187500 -6.837315
xyz -6.780481 0.187500 -6.367159
xyz -6.780481 0.187500 -6.540262
xyz -6.780481 0.187500 -6.280608
xyz -6.780481 0.187500 -6.219927
xyz -6.780481 0.187500 -6.115499
xyz -6.780481 0.187500 -6.759230
xyz -6.780481 0.187500 -6.561900
xyz -6.780481 0.187500 -6.345521
xyz -6.780481 0.187500 -6.518624
xyz -6.780481 0.187500 -6.258970
xyz -6.780481 0.187500 -7.149655
xyz -6.802626 0.000000 -6.914390
xyz -6.802626 0.000000 -6.060630
xyz -6.802626 0.000000 -6.428474
xyz -6.802626 0.000000 -6.623215
xyz -6.802626 0.000000 -6.190457
xyz -6.802626 0.000000 -6.536664
xyz -6.802626 0.000000 -6.147182
xyz -6.802626 0.000000 -6.114725
xyz -6.802626 0.000000 -6.862175
xyz -6.802626 0.000000 -6.298646
xyz -6.802626 0.000000 -6.222914
xyz -6.802626 0.000000 -6.792557
xyz -6.802626 0.000000 -6.385198
xyz -6.802626 0.000000 -6.471750
xyz -6.802626 0.000000 -6.201276
xyz -6.802626 0.000000 -6.363560
xyz -6.802626 0.000000 -6.136363
xyz -6.802626 0.000000 -6.277009
xyz -6.802626 0.000000 -6.844770
xyz -6.802626 0.000000 -6.320284
xyz -6.802626 0.000000 -6.775152
xyz -6.802626 0.000000 -6.809961
xyz -6.802626 0.000000 -6.406836
xyz -6.802626 0.000000 -6.493388
xyz -6.780481 0.187500 -6.453710
xyz -6.780481 0.187500 -6.475348
xyz -6.780481 0.187500 -6.432073
xyz -6.780481 0.187500 -6.302246
xyz -6.780481 0.187500 -6.388797
xyz -6.780481 0.187500 -6.798272
xyz -6.780481 0.187500 -6.150308
xyz -6.780481 0.187500 -6.876357
xyz -6.780481 0.187500 -6.185117
xyz -6.802626 0.000000 -6.450112
xyz -6.802626 0.000000 -6.879580
xyz -8.052500 0.093746 -7.226650
xyz -8.064000 0.000000 -7.245079
xyz -8.041066 0.187500 -6.515807
xyz -8.064000 0.000000 -6.620398
xyz -8.041066 0.187500 -6.237332
xyz -8.064000 0.000000 -6.308057
xyz -8.064000 0.000000 -6.151886
xyz -8.064000 0.000000 -6.966604
xyz -8.041066 0.187500 -6.098094
xyz -8.064000 0.000000 -6.464227
xyz -8.064000 0.000000 -6.229972
xyz -8.064000 0.000000 -7.105842
xyz -8.041066 0.187500 -6.167713
xyz -8.041066 0.187500 -6.202522
xyz -8.041066 0.187500 -6.028475
xyz -8.064000 0.000000 -6.542313
xyz -8.064000 0.000000 -6.269015
xyz -8.064000 0.000000 -7.175461
xyz -8.041066 0.187500 -6.132904
xyz -8.041066 0.187500 -5.993666
xyz -8.064000 0.000000 -6.503270
xyz -8.064000 0.000000 -7.210270
xyz -8.041066 0.187500 -5.976261
xyz -8.064000 0.000000 -7.227675
xyz -8.045758 0.149025 -5.966420
xyz -8.064000 0.000000 -6.190929
xyz -8.041066 0.187500 -6.862013
xyz -8.064000 0.000000 -6.073802
xyz -8.059280 0.038474 -7.237516
xyz -8.064000 0.000000 -6.034759
xyz -8.041066 0.187500 -6.376569
xyz -8.041066 0.187500 -7.035116
xyz -8.041066 0.187500 -6.688910
xyz -8.064000 0.000000 -6.112844
xyz -8.041066 0.187500 -7.121667
xyz -8.041066 0.187500 -6.446188
xyz -8.041066 0.187500 -6.306951
xyz -8.041066 0.187500 -6.948565
xyz -8.041066 0.187500 -6.602359
xyz -8.041066 0.187500 -7.164943
xyz -8.041066 0.187500 -7.078392
xyz -8.041066 0.187500 -6.480998
xyz -8.041066 0.187500 -6.272141
xyz -8.041066 0.187500 -6.991841
xyz -8.041066 0.187500 -6.559083
xyz -8.041066 0.187500 -6.645635
xyz -8.041066 0.187500 -6.970203
xyz -8.041066 0.187500 -6.537445
xyz -8.041066 0.187500 -6.623997
xyz -8.064000 0.000000 -7.140651
xyz -8.041066 0.187500 -6.063285
xyz -8.064000 0.000000 -7.036222
xyz -8.064000 0.000000 -6.386142
xyz -8.064000 0.000000 -6.581356
xyz -8.064000 0.000000 -7.236377
xyz -8.041066 0.187500 -5.967559
xyz -8.064000 0.000000 -6.793501
xyz -8.064000 0.000000 -6.347100
xyz -8.064000 0.000000 -7.001413
xyz -8.064000 0.000000 -7.071033
xyz -8.064000 0.000000 -6.425185
xyz -8.064000 0.000000 -6.706949
xyz -8.064000 0.000000 -6.880052
xyz -8.064000 0.000000 -6.836777
xyz -8.064000 0.000000 -6.663673
xyz -8.064000 0.000000 -6.923328
xyz -8.064000 0.000000 -6.858415
xyz -8.064000 0.000000 -6.642035
xyz -8.064000 0.000000 -6.685311
xyz -8.064000 0.000000 -6.944966
xyz -8.041066 0.187500 -6.775462
xyz -8.041066 0.187500 -6.411379
xyz -8.041066 0.187500 -6.905289
xyz -8.041066 0.187500 -6.818738
xyz -8.041066 0.187500 -6.732186
xyz -8.041066 0.187500 -6.341760
xyz -8.041066 0.187500 -7.143305
xyz -8.041066 0.187500 -6.667272
xyz -8.041066 0.187500 -6.580721
xyz -8.041066 0.187500 -6.840375
xyz -8.041066 0.187500 -6.926927
xyz -8.041066 0.187500 -6.883651
xyz -8.041066 0.187500 -6.797100
xyz -8.041066 0.187500 -6.710548
xyz -8.064000 0.000000 -6.901690
xyz -8.064000 0.000000 -6.815139
xyz -8.064000 0.000000 -6.750225
xyz -8.064000 0.000000 -6.728587
xyz -8.064000 0.000000 -6.771863
xyz -8.041066 0.187500 -6.753824
xyz 0.000000 0.000000 0.000000
xyz -6.802626 0.000000 -5.995717
xyz -6.791522 0.093746 -7.226650
xyz -8.041066 0.187500 -5.958856
xyz -8.052500 0.093746 -5.977287
xyz -8.064000 0.000000 -5.995717
xyz -6.086520 7.921465 -4.491794
xyz -5.897560 11.833601 -4.149193
xyz -5.843482 13.799357 -4.135010
xyz -6.750350 5.986848 -4.818780
xyz -7.106866 5.986848 -4.818780
xyz -6.220081 5.986848 -4.818780
xyz -7.463382 5.986848 -4.818780
xyz -6.780481 0.187500 -5.958856
xyz -6.470470 3.084294 -5.389385
xyz -7.663556 3.671116 -6.523386
xyz -7.377141 7.163401 -5.836848
xyz -5.815525 15.960069 -4.170384
xyz -7.060244 16.110233 -4.033682
xyz -5.825228 18.533983 -4.518154
xyz -5.820415 18.110237 -4.033682
xyz -7.071074 18.110237 -4.033682
xyz -5.824037 18.438820 -5.134868
xyz -5.822909 18.343657 -5.751587
xyz -7.075705 18.438820 -5.134867
xyz -5.869049 12.746570 -5.271485
xyz -5.828970 14.620814 -5.315293
xyz -7.071547 14.620800 -5.315292
xyz -7.262717 9.010281 -5.532983
xyz -6.135686 7.163401 -5.836848
xyz -5.816706 15.763460 -4.225902
xyz -5.978742 9.872327 -4.268299
xyz -6.414964 3.671465 -6.523317
xyz -6.023035 9.010380 -5.532969
xyz -5.933883 10.873914 -5.344194
xyz -5.813701 16.489075 -5.475539
xyz -5.822626 18.318859 -4.433059
xyz -5.820978 18.166159 -4.258655
xyz -5.814082 17.110245 -4.033682
xyz -5.814806 16.110233 -4.033682
xyz -6.780481 0.187500 -6.520912
xyz -5.823537 18.396673 -5.408006
xyz -7.720733 3.084038 -5.389435
xyz -8.041066 0.187500 -7.208219
xyz -7.173144 10.873802 -5.344202
xyz -7.109273 12.746498 -5.271485
xyz -7.060007 16.489096 -5.475542
xyz -7.074281 18.343657 -5.751587
xyz -7.073921 18.318861 -4.433061
xyz -7.071805 18.166162 -4.258657
xyz -7.061932 17.110254 -4.033682
xyz -7.060634 15.960069 -4.170384
xyz -7.061399 15.763460 -4.225902
xyz -7.084857 13.799286 -4.135009
xyz -7.137144 11.833447 -4.149198
xyz -7.218062 9.872132 -4.268316
xyz -7.327091 7.921310 -4.491816
xyz 6.505684 6.000000 4.217027
xyz 6.802716 6.000000 6.531990
xyz 7.245162 6.000000 5.416152
xyz 6.937237 6.000000 1.969247
xyz 6.417289 6.000000 -3.115703
xyz 6.317458 6.000000 -1.283973
xyz -6.316768 6.000000 -1.283973
xyz -6.423881 6.000000 -3.115176
xyz -6.920573 6.000000 -1.505652
xyz -6.935900 6.000000 1.940640
xyz -7.239566 6.000000 5.373561
xyz -6.799951 6.000000 6.503419
xyz -6.505819 6.000000 4.217027
xyz 6.450098 6.000000 3.626475
xyz -6.450942 6.000000 3.626475
xyz -6.314408 6.000000 1.468667
xyz 6.324160 6.000000 1.468310
xyz 6.505684 5.409449 4.217027
xyz -6.505819 5.409449 4.217027
xyz -6.920573 5.409449 -1.505652
xyz -7.193694 5.409449 -4.941138
xyz -6.316768 5.409449 -1.283973
xyz 6.317458 5.409449 -1.283973
xyz 6.417289 5.409449 -3.115703
xyz 6.598921 5.409449 -4.941138
xyz 6.920040 5.409449 -1.491342
xyz 7.245162 5.409449 5.416152
xyz 7.841638 5.409449 8.824992
xyz 6.802716 5.409449 6.531990
xyz 6.450098 5.409449 3.626475
xyz -6.314408 5.409449 1.468667
xyz -6.450942 5.409449 3.626475
xyz -6.302054 5.409449 -0.693421
xyz 6.302857 6.000000 -0.693421
xyz -6.302054 6.000000 -0.693421
xyz 6.302857 5.409449 -0.693421
xyz 6.324160 5.409449 1.468310
xyz 7.237944 6.000000 8.824992
xyz 7.237944 5.409449 8.824992
xyz 7.193694 5.409449 -4.941138
xyz 6.598921 6.000000 -4.941138
xyz -6.598921 6.000000 -4.941138
xyz -6.423881 5.409449 -3.115176
xyz -6.598921 5.409449 -4.941138
xyz -7.193694 6.000000 -4.941138
xyz -7.225524 6.000000 8.769030
xyz -7.829440 6.000000 8.769030
xyz -7.829440 5.409449 8.769030
xyz -7.225524 5.409449 8.769030
xyz -6.799951 5.409449 6.503419
xyz 6.937237 5.409449 1.969247
xyz 7.841638 6.000000 8.824992
xyz 6.920040 6.000000 -1.491342
xyz 7.193694 6.000000 -4.941138
xyz -7.239566 5.409449 5.373561
xyz -6.935900 5.409449 1.940640
xyz -2.930410 21.230330 -5.823642
xyz 5.832094 21.039989 -5.573233
xyz 4.726984 21.045059 -5.943635
xyz -4.721012 21.032566 -5.923671
xyz 4.741314 21.146065 -5.549287
xyz -4.735351 21.133453 -5.529016
xyz 1.468154 21.158306 -6.298547
xyz 1.468355 21.261543 -5.911098
xyz -1.464021 21.154428 -6.292351
xyz -1.464289 21.257639 -5.904826
xyz 5.832094 21.090469 -5.376048
xyz 2.934878 21.238136 -5.836188
xyz 0.001832 21.284950 -5.986010
xyz -5.825228 21.074955 -5.351112
xyz 0.001766 20.519762 -5.780975
xyz 5.832094 20.321922 -5.160679
xyz 2.935459 20.472126 -5.628629
xyz -2.931091 20.464212 -5.615751
xyz -5.825228 20.255812 -5.332572
xyz -5.825228 20.205397 -5.530045
xyz 4.750888 20.377989 -5.335348
xyz -4.744955 20.365177 -5.314504
xyz 4.736434 20.277073 -5.729967
xyz -4.730489 20.264383 -5.709444
xyz 1.468401 20.392717 -6.092284
xyz 1.468612 20.495945 -5.704802
xyz -1.464663 20.491987 -5.698363
xyz -1.464380 20.388786 -6.085927
xyz -5.825228 20.974062 -5.745780
xyz -2.929913 21.127460 -6.212221
xyz 0.001871 21.181396 -6.372482
xyz 2.934438 21.135214 -6.224612
xyz 2.934996 20.369226 -6.017121
xyz 0.001806 20.416206 -6.167448
xyz -2.930567 20.361366 -6.004405
xyz -5.825228 21.024523 -5.548450
xyz -5.825228 20.589720 -5.637950
xyz -5.825228 20.306196 -5.135091
xyz -5.825228 20.690565 -5.243142
xyz 5.832094 20.605240 -5.662899
xyz 5.832094 20.221020 -5.555316
xyz 5.832094 20.271488 -5.358001
xyz 5.832094 20.706186 -5.268401
xyz 5.832094 20.989479 -5.770411
trif 313 316 322
trif 4 3 339
trif 3 4 381
trif 1001 1047 1048
trif 308 309 296
trif 329 273 327
trif 296 278 307
trif 152 151 154
trif 4 382 381
trif 42 61 44
trif 6 7 45
trif 8 35 65
trif 16 12 52
trif 50 43 53
trif 9 37 30
trif 18 12 11
trif 18 20 33
trif 199 217 229
trif 44 70 48
trif 67 10 69
trif 70 44 61
trif 11 12 16
trif 11 20 18
trif 17 13 15
trif 31 26 14
trif 20 21 22
trif 54 55 23
trif 52 12 15
trif 76 63 16
trif 182 156 173
trif 17 12 18
trif 15 12 17
trif 33 34 18
trif 248 198 205
trif 20 64 21
trif 64 20 11
trif 55 22 23
trif 20 55 56
trif 14 33 38
trif 54 23 25
trif 33 26 34
trif 25 29 54
trif 14 37 9
trif 61 66 27
trif 36 8 39
trif 68 62 28
trif 29 66 65
trif 66 61 39
trif 36 30 37
trif 31 32 26
trif 14 9 31
trif 26 32 34
trif 14 26 33
trif 19 34 32
trif 234 231 185
trif 14 35 37
trif 35 14 38
trif 36 37 8
trif 65 38 54
trif 8 37 35
trif 38 65 35
trif 29 65 54
trif 8 66 39
trif 40 30 36
trif 42 44 41
trif 40 36 39
trif 41 44 47
trif 40 39 42
trif 59 57 62
trif 45 53 43
trif 44 48 47
trif 7 48 45
trif 6 45 43
trif 46 51 7
trif 51 47 48
trif 48 60 45
trif 60 53 45
trif 58 53 57
trif 49 50 53
trif 46 7 6
trif 48 7 51
trif 76 16 52
trif 11 16 63
trif 57 53 60
trif 49 53 58
trif 55 54 38
trif 22 55 20
trif 55 38 56
trif 38 33 56
trif 33 20 56
trif 62 57 60
trif 58 57 59
trif 60 70 62
trif 70 60 48
trif 61 27 28
trif 68 59 62
trif 28 70 61
trif 11 63 64
trif 29 25 67
trif 65 66 8
trif 66 29 27
trif 69 29 67
trif 27 69 28
trif 10 68 28
trif 29 69 27
trif 28 69 10
trif 28 62 70
trif 40 42 41
trif 61 42 39
trif 309 308 286
trif 351 358 357
trif 568 561 590
trif 1056 1057 1085
trif 72 76 75
trif 75 71 72
trif 75 76 15
trif 111 139 82
trif 118 123 117
trif 98 105 109
trif 124 85 77
trif 78 119 122
trif 97 106 100
trif 79 85 80
trif 79 90 126
trif 228 1013 213
trif 82 130 131
trif 133 135 137
trif 130 82 139
trif 80 85 124
trif 80 90 79
trif 88 87 147
trif 103 83 102
trif 90 84 89
trif 107 91 94
trif 77 85 147
trif 146 125 124
trif 207 208 229
trif 88 85 79
trif 147 85 88
trif 126 81 79
trif 312 294 313
trif 90 132 84
trif 132 90 80
trif 91 89 94
trif 90 91 92
trif 102 126 93
trif 107 94 95
trif 126 83 81
trif 96 108 107
trif 102 106 97
trif 139 99 134
trif 112 98 113
trif 136 115 138
trif 108 99 109
trif 99 139 113
trif 112 100 106
trif 103 101 83
trif 102 97 103
trif 83 101 81
trif 102 83 126
trif 104 81 101
trif 49 148 149
trif 102 105 106
trif 105 102 93
trif 112 106 98
trif 109 93 107
trif 98 106 105
trif 93 109 105
trif 108 109 107
trif 98 99 113
trif 110 100 112
trif 111 82 114
trif 110 112 113
trif 114 82 116
trif 110 113 111
trif 129 128 115
trif 117 122 119
trif 82 131 116
trif 123 131 117
trif 118 117 119
trif 160 120 123
trif 120 116 131
trif 131 127 117
trif 127 122 117
trif 121 122 128
trif 142 78 122
trif 160 123 118
trif 131 123 120
trif 146 124 77
trif 80 124 125
trif 128 122 127
trif 142 122 121
trif 91 107 93
trif 89 91 90
trif 91 93 92
trif 93 126 92
trif 126 90 92
trif 115 128 127
trif 121 128 129
trif 127 130 115
trif 130 127 131
trif 139 134 138
trif 136 129 115
trif 138 130 139
trif 80 125 132
trif 108 96 133
trif 95 96 107
trif 109 99 98
trif 99 108 134
trif 137 108 133
trif 134 137 138
trif 135 136 138
trif 108 137 134
trif 138 137 135
trif 138 115 130
trif 110 111 114
trif 139 111 113
trif 160 159 169
trif 349 146 359
trif 872 839 854
trif 759 760 733
trif 86 146 147
trif 144 86 140
trif 144 146 86
trif 49 182 46
trif 49 46 43
trif 46 182 156
trif 164 145 160
trif 142 160 119
trif 142 164 160
trif 953 915 938
trif 763 705 740
trif 929 910 916
trif 1121 1123 1118
trif 852 797 810
trif 154 151 171
trif 229 217 224
trif 1096 1099 1100
trif 1070 1059 1095
trif 917 908 914
trif 326 320 314
trif 761 736 735
trif 200 196 197
trif 1105 1061 1060
trif 1130 1141 1124
trif 1147 1148 1127
trif 1126 1130 1128
trif 709 707 740
trif 1139 1123 1132
trif 322 316 315
trif 166 169 168
trif 166 168 157
trif 167 163 165
trif 161 167 165
trif 168 169 158
trif 161 165 162
trif 153 172 151
trif 170 151 172
trif 173 171 174
trif 170 174 171
trif 148 172 150
trif 159 175 178
trif 176 159 178
trif 176 178 179
trif 175 164 141
trif 182 49 183
trif 149 181 49
trif 181 152 154
trif 156 182 183
trif 154 49 181
trif 1110 1112 1107
trif 936 987 965
trif 166 157 179
trif 222 218 221
trif 211 184 1013
trif 291 303 292
trif 213 215 214
trif 310 309 287
trif 248 189 255
trif 190 202 191
trif 216 1013 184
trif 166 167 169
trif 158 159 177
trif 233 234 235
trif 1140 1137 1138
trif 700 762 713
trif 73 49 76
trif 771 777 789
trif 754 746 745
trif 336 367 361
trif 326 331 320
trif 218 223 226
trif 145 160 161
trif 207 211 228
trif 335 362 366
trif 328 331 333
trif 299 330 298
trif 225 197 227
trif 486 522 560
trif 470 700 609
trif 767 1037 1009
trif 330 314 320
trif 246 253 263
trif 176 177 159
trif 337 368 360
trif 470 699 700
trif 1146 1149 1148
trif 186 203 201
trif 148 170 172
trif 468 467 469
trif 198 204 205
trif 164 143 144
trif 195 196 206
trif 1076 1103 1054
trif 1077 1053 1102
trif 995 768 997
trif 1059 1070 1106
trif 1098 1097 1061
trif 1026 1009 1010
trif 537 489 514
trif 977 983 967
trif 216 211 215
trif 228 213 214
trif 350 359 358
trif 2 1 5
trif 1129 1127 1123
trif 1031 1043 1015
trif 199 229 210
trif 744 753 729
trif 747 746 754
trif 253 259 252
trif 472 762 700
trif 276 261 275
trif 249 247 221
trif 1013 1042 1030
trif 1041 1018 1016
trif 781 842 812
trif 279 278 280
trif 310 287 311
trif 1012 1045 1011
trif 972 968 981
trif 527 589 559
trif 1000 1050 1003
trif 651 667 617
trif 1099 1096 1097
trif 1000 1025 1049
trif 623 627 616
trif 172 180 150
trif 677 653 656
trif 679 641 615
trif 363 334 364
trif 1065 1064 1080
trif 930 985 966
trif 368 365 361
trif 952 949 971
trif 647 619 630
trif 657 666 686
trif 1107 1124 1121
trif 629 623 638
trif 363 369 360
trif 627 618 640
trif 359 356 357
trif 397 394 398
trif 294 295 301
trif 401 427 417
trif 353 354 399
trif 300 295 304
trif 222 221 255
trif 615 641 646
trif 361 367 360
trif 1045 1046 1024
trif 257 261 256
trif 194 217 199
trif 265 269 268
trif 291 292 326
trif 254 253 285
trif 325 273 329
trif 205 223 189
trif 254 245 281
trif 206 205 204
trif 230 232 233
trif 221 198 249
trif 665 684 649
trif 359 146 389
trif 215 209 208
trif 368 337 365
trif 166 179 178
trif 211 1013 228
trif 230 231 232
trif 285 253 246
trif 153 181 172
trif 986 977 989
trif 621 626 701
trif 398 394 393
trif 973 969 984
trif 338 369 383
trif 660 685 652
trif 669 689 637
trif 156 171 173
trif 1053 1077 1101
trif 987 978 991
trif 325 717 273
trif 274 285 246
trif 337 360 338
trif 176 179 157
trif 154 183 49
trif 280 283 274
trif 170 49 73
trif 149 180 181
trif 277 279 280
trif 1036 1009 1037
trif 660 612 648
trif 434 430 429
trif 340 415 341
trif 245 282 281
trif 281 275 261
trif 246 263 276
trif 884 858 865
trif 369 364 393
trif 353 343 400
trif 194 199 203
trif 470 610 701
trif 512 539 577
trif 354 353 396
trif 296 304 290
trif 625 646 613
trif 364 354 355
trif 391 390 348
trif 225 226 223
trif 636 663 620
trif 364 399 354
trif 153 152 181
trif 300 317 295
trif 221 193 198
trif 279 307 278
trif 164 162 165
trif 301 297 294
trif 326 292 298
trif 265 264 269
trif 293 287 290
trif 170 73 155
trif 176 157 168
trif 161 169 167
trif 215 208 214
trif 282 245 285
trif 164 144 140
trif 246 281 275
trif 517 580 542
trif 206 204 195
trif 202 212 207
trif 259 254 261
trif 281 261 254
trif 1036 1037 997
trif 1045 1024 1011
trif 262 252 251
trif 1146 1148 1147
trif 308 307 279
trif 1013 1016 1018
trif 344 416 427
trif 767 1009 1026
trif 960 992 974
trif 366 367 336
trif 262 256 252
trif 188 187 220
trif 434 431 430
trif 159 160 175
trif 340 433 415
trif 294 316 313
trif 344 400 416
trif 311 312 310
trif 164 175 160
trif 317 319 312
trif 314 323 291
trif 486 530 522
trif 182 71 156
trif 408 419 414
trif 167 166 178
trif 1118 1111 1109
trif 463 462 454
trif 221 260 262
trif 175 141 163
trif 317 301 295
trif 308 284 283
trif 145 140 86
trif 243 242 238
trif 182 173 174
trif 168 158 177
trif 207 229 191
trif 289 306 303
trif 324 332 718
trif 302 303 306
trif 1135 1136 1141
trif 1090 1104 1103
trif 992 990 993
trif 1051 1063 1069
trif 985 976 988
trif 284 279 277
trif 964 975 939
trif 1069 1063 1062
trif 970 967 983
trif 1043 1031 1030
trif 753 744 743
trif 353 400 396
trif 249 258 247
trif 396 400 344
trif 339 395 334
trif 341 342 395
trif 340 341 395
trif 401 396 344
trif 276 256 261
trif 352 401 402
trif 397 347 390
trif 345 346 397
trif 403 345 397
trif 382 335 383
trif 335 338 383
trif 336 338 366
trif 365 337 336
trif 386 351 387
trif 385 349 350
trif 391 348 349
trif 385 350 351
trif 347 348 390
trif 339 334 382
trif 363 360 367
trif 361 360 368
trif 49 170 148
trif 359 357 358
trif 357 356 388
trif 359 389 356
trif 363 364 369
trif 207 212 211
trif 393 389 146
trif 398 393 355
trif 412 432 413
trif 367 362 363
trif 1108 1117 1149
trif 1125 1145 1143
trif 718 717 325
trif 1120 1145 1124
trif 1121 1140 1131
trif 592 566 558
trif 1133 1124 1141
trif 381 383 369
trif 380 381 369
trif 376 373 374
trif 349 370 146
trif 374 375 376
trif 377 369 146
trif 369 378 379
trif 377 372 466
trif 379 380 369
trif 436 371 146
trif 146 456 377
trif 435 146 371
trif 436 146 370
trif 372 376 466
trif 1095 1092 1094
trif 1094 1092 1058
trif 1057 1072 1093
trif 1072 1057 1056
trif 1073 1056 1055
trif 1091 1075 1074
trif 1091 1104 1090
trif 1102 1088 1089
trif 1089 1088 1052
trif 1051 1068 1079
trif 266 271 270
trif 1080 1064 1067
trif 1084 1085 1083
trif 433 340 339
trif 335 363 362
trif 225 192 197
trif 432 415 433
trif 156 75 46
trif 420 425 414
trif 342 420 414
trif 420 341 415
trif 294 311 295
trif 451 426 417
trif 421 426 418
trif 424 400 343
trif 419 407 416
trif 158 169 159
trif 253 254 259
trif 426 451 405
trif 421 403 402
trif 330 318 314
trif 422 450 406
trif 425 420 415
trif 423 346 345
trif 164 141 143
trif 410 409 425
trif 299 302 330
trif 422 417 427
trif 422 427 416
trif 468 465 467
trif 419 424 414
trif 400 424 416
trif 1118 1109 1138
trif 218 222 223
trif 234 232 231
trif 408 414 409
trif 409 414 425
trif 73 76 74
trif 417 421 402
trif 1140 1138 1139
trif 434 347 431
trif 167 178 175
trif 49 73 182
trif 426 421 417
trif 342 341 420
trif 428 423 418
trif 452 418 405
trif 424 419 416
trif 363 335 334
trif 426 405 418
trif 142 141 164
trif 312 311 294
trif 408 407 419
trif 144 143 146
trif 427 401 344
trif 410 425 415
trif 421 418 403
trif 452 428 418
trif 145 86 160
trif 289 305 306
trif 145 161 162
trif 700 713 702
trif 431 346 423
trif 346 431 347
trif 72 74 76
trif 413 432 433
trif 413 433 339
trif 175 163 167
trif 194 219 220
trif 370 348 437
trif 437 438 370
trif 347 438 437
trif 221 262 255
trif 202 210 209
trif 326 298 327
trif 336 361 365
trif 754 745 729
trif 440 455 441
trif 441 454 442
trif 443 460 454
trif 460 442 454
trif 461 443 454
trif 463 452 405
trif 233 232 234
trif 463 451 406
trif 411 410 415
trif 462 461 454
trif 449 412 465
trif 447 446 412
trif 412 448 447
trif 378 464 465
trif 378 465 412
trif 407 444 450
trif 463 454 453
trif 326 272 331
trif 444 409 410
trif 412 446 445
trif 440 372 456
trif 472 750 762
trif 373 372 440
trif 457 373 441
trif 328 333 329
trif 440 441 373
trif 458 442 459
trif 374 443 461
trif 461 462 374
trif 463 374 462
trif 373 442 460
trif 443 373 460
trif 373 443 374
trif 1039 1019 1028
trif 375 444 445
trif 375 445 446
trif 375 446 447
trif 447 376 375
trif 376 447 448
trif 449 376 448
trif 467 465 376
trif 464 376 465
trif 1013 184 1042
trif 464 377 466
trif 469 449 468
trif 168 177 176
trif 376 464 466
trif 698 471 490
trif 244 240 237
trif 472 699 488
trif 530 486 498
trif 714 702 713
trif 1139 1138 1150
trif 862 778 826
trif 601 541 595
trif 278 290 287
trif 1012 1033 1032
trif 833 805 814
trif 771 789 823
trif 990 991 978
trif 334 395 399
trif 1025 1001 1048
trif 776 820 803
trif 557 600 576
trif 699 494 488
trif 732 749 737
trif 471 496 490
trif 236 185 231
trif 542 580 508
trif 547 505 470
trif 481 565 513
trif 548 499 714
trif 256 263 253
trif 496 471 499
trif 523 581 564
trif 501 497 472
trif 944 938 915
trif 271 266 265
trif 494 699 505
trif 561 599 579
trif 766 904 1037
trif 278 286 283
trif 776 843 811
trif 871 895 834
trif 277 280 276
trif 791 785 814
trif 520 553 512
trif 487 493 525
trif 88 79 81
trif 1046 1040 1021
trif 518 573 540
trif 786 799 777
trif 417 422 406
trif 708 704 705
trif 678 695 664
trif 502 536 510
trif 538 521 529
trif 1020 1021 1040
trif 599 549 588
trif 870 841 856
trif 450 422 416
trif 909 940 979
trif 770 828 817
trif 215 211 212
trif 483 491 497
trif 495 485 511
trif 606 604 598
trif 898 880 890
trif 481 528 521
trif 901 836 807
trif 861 829 774
trif 815 837 869
trif 607 602 477
trif 845 857 887
trif 818 862 876
trif 968 971 949
trif 543 504 586
trif 759 737 765
trif 824 850 883
trif 850 901 873
trif 506 594 556
trif 857 840 798
trif 902 893 895
trif 628 609 700
trif 230 233 235
trif 687 664 694
trif 149 148 150
trif 701 626 608
trif 844 790 995
trif 194 203 200
trif 603 509 574
trif 239 237 242
trif 1134 1121 1133
trif 956 975 964
trif 935 962 947
trif 920 914 908
trif 626 631 608
trif 956 934 975
trif 628 632 609
trif 319 300 296
trif 924 945 906
trif 639 662 702
trif 635 661 610
trif 332 272 327
trif 226 204 198
trif 635 609 632
trif 855 889 880
trif 639 608 631
trif 388 386 387
trif 704 708 764
trif 450 444 463
trif 582 602 607
trif 885 875 899
trif 647 642 619
trif 229 208 209
trif 248 255 262
trif 591 606 598
trif 656 648 612
trif 141 142 146
trif 249 248 251
trif 689 669 693
trif 141 146 143
trif 903 806 772
trif 698 608 702
trif 482 553 520
trif 493 482 475
trif 675 643 683
trif 1111 1108 1150
trif 597 509 544
trif 957 942 907
trif 919 906 951
trif 1119 1137 1115
trif 624 652 611
trif 594 591 605
trif 716 762 750
trif 1084 1086 1087
trif 609 610 470
trif 207 228 214
trif 699 472 700
trif 239 242 241
trif 1083 1085 1066
trif 719 725 724
trif 701 608 698
trif 288 303 291
trif 471 702 714
trif 565 557 587
trif 333 324 325
trif 229 209 210
trif 332 327 273
trif 188 186 187
trif 352 398 355
trif 709 710 707
trif 197 195 227
trif 141 164 165
trif 458 457 441
trif 710 711 707
trif 924 913 945
trif 302 299 303
trif 262 257 256
trif 234 236 235
trif 156 71 75
trif 957 982 942
trif 308 296 307
trif 326 327 272
trif 897 881 891
trif 603 574 585
trif 397 346 347
trif 382 334 335
trif 453 404 429
trif 329 327 328
trif 918 933 999
trif 13 17 19
trif 872 825 847
trif 202 209 212
trif 769 819 788
trif 194 220 187
trif 567 476 534
trif 313 322 321
trif 330 331 328
trif 230 235 236
trif 491 483 510
trif 774 829 816
trif 476 568 519
trif 1114 1118 1138
trif 385 391 349
trif 386 385 351
trif 896 878 888
trif 858 884 881
trif 374 463 444
trif 352 403 397
trif 411 415 432
trif 668 659 644
trif 272 332 333
trif 704 764 703
trif 1065 1082 1081
trif 1040 1042 1018
trif 249 251 250
trif 864 822 828
trif 822 864 859
trif 793 782 830
trif 238 244 243
trif 272 333 331
trif 271 269 270
trif 740 734 706
trif 733 740 705
trif 704 703 733
trif 749 748 751
trif 741 732 733
trif 733 703 741
trif 704 733 705
trif 734 740 733
trif 752 750 472
trif 715 714 712
trif 735 712 706
trif 715 750 714
trif 735 715 712
trif 706 734 735
trif 744 745 747
trif 743 744 720
trif 747 728 720
trif 747 745 746
trif 744 747 720
trif 743 720 742
trif 732 748 749
trif 741 742 720
trif 732 741 717
trif 748 732 717
trif 739 749 751
trif 741 721 717
trif 720 721 741
trif 737 738 758
trif 216 184 211
trif 757 765 718
trif 141 165 163
trif 757 731 765
trif 152 153 151
trif 719 731 757
trif 756 755 719
trif 730 719 755
trif 755 753 730
trif 755 754 729
trif 755 729 753
trif 730 731 719
trif 434 371 436
trif 736 761 707
trif 338 360 369
trif 170 171 151
trif 213 216 215
trif 703 765 741
trif 764 760 759
trif 708 760 764
trif 718 737 758
trif 708 763 761
trif 708 761 760
trif 763 707 761
trif 1117 1123 1149
trif 794 801 768
trif 531 523 571
trif 288 291 323
trif 760 734 733
trif 274 246 276
trif 524 584 563
trif 921 943 1037
trif 537 507 516
trif 792 796 996
trif 874 859 866
trif 784 844 821
trif 444 411 412
trif 288 315 316
trif 504 543 566
trif 799 786 780
trif 423 428 430
trif 17 18 34
trif 342 343 353
trif 317 312 313
trif 767 787 996
trif 778 846 809
trif 995 790 768
trif 1027 1022 1038
trif 996 787 792
trif 206 192 223
trif 768 790 794
trif 832 796 792
trif 394 397 390
trif 1119 1114 1113
trif 322 297 301
trif 773 802 779
trif 831 801 794
trif 1140 1136 1137
trif 806 869 837
trif 809 846 841
trif 941 950 911
trif 284 282 274
trif 575 545 560
trif 1021 1020 1019
trif 900 845 877
trif 848 892 808
trif 835 779 802
trif 201 210 202
trif 849 888 800
trif 727 719 720
trif 886 860 867
trif 681 694 672
trif 780 835 795
trif 188 220 192
trif 933 954 931
trif 798 840 890
trif 920 908 946
trif 573 526 552
trif 478 489 495
trif 889 855 863
trif 853 781 804
trif 963 955 935
trif 182 73 74
trif 762 716 711
trif 581 506 570
trif 721 724 725
trif 473 498 492
trif 500 588 549
trif 899 875 807
trif 961 934 956
trif 775 810 805
trif 559 578 597
trif 238 242 237
trif 861 824 879
trif 702 700 472
trif 851 818 885
trif 823 789 783
trif 239 241 243
trif 838 868 797
trif 784 827 813
trif 843 788 819
trif 717 722 718
trif 650 655 614
trif 668 644 650
trif 3 381 380
trif 393 390 391
trif 195 204 226
trif 932 927 904
trif 289 297 322
trif 907 942 952
trif 998 928 926
trif 935 955 962
trif 666 642 686
trif 916 910 922
trif 559 589 578
trif 760 761 734
trif 842 787 767
trif 622 700 654
trif 998 923 999
trif 288 289 303
trif 904 925 1037
trif 926 923 998
trif 927 925 904
trif 928 959 926
trif 633 663 636
trif 882 894 893
trif 932 958 927
trif 913 939 945
trif 238 240 244
trif 673 683 653
trif 352 402 403
trif 551 545 575
trif 937 912 922
trif 948 919 951
trif 696 680 688
trif 650 614 668
trif 860 886 878
trif 315 323 306
trif 1040 1046 1042
trif 478 514 489
trif 644 667 651
trif 600 543 586
trif 546 533 698
trif 670 688 643
trif 682 693 671
trif 695 678 697
trif 562 601 593
trif 712 713 711
trif 658 634 679
trif 654 665 622
trif 541 604 583
trif 691 671 674
trif 947 962 911
trif 645 674 614
trif 1064 1065 1063
trif 414 424 343
trif 905 904 766
trif 238 237 240
trif 996 1037 767
trif 577 539 554
trif 998 999 995
trif 264 267 270
trif 768 1007 997
trif 271 265 268
trif 366 362 367
trif 1004 1003 1050
trif 1050 1006 1004
trif 203 186 188
trif 277 281 282
trif 654 684 665
trif 258 259 257
trif 265 267 264
trif 319 296 309
trif 195 226 227
trif 271 268 269
trif 274 276 280
trif 324 333 332
trif 1134 1140 1121
trif 236 231 230
trif 414 343 342
trif 582 558 602
trif 412 411 432
trif 333 325 329
trif 264 270 269
trif 484 552 526
trif 207 214 208
trif 569 562 596
trif 401 352 396
trif 484 535 533
trif 719 724 720
trif 744 729 745
trif 894 882 892
trif 339 340 395
trif 909 920 946
trif 716 736 707
trif 226 198 193
trif 273 718 332
trif 217 194 187
trif 479 532 518
trif 336 337 338
trif 335 366 338
trif 728 747 755
trif 563 584 532
trif 73 174 155
trif 501 472 488
trif 379 5 413
trif 322 301 321
trif 330 320 331
trif 933 918 954
trif 281 246 285
trif 1012 1032 1044
trif 246 275 276
trif 282 285 274
trif 1031 1014 1032
trif 1031 1032 1011
trif 1011 1024 1031
trif 1033 1011 1032
trif 1031 1024 1030
trif 1016 1013 1020
trif 1035 1016 1029
trif 1020 1029 1016
trif 1013 1024 1020
trif 1013 1030 1024
trif 1029 1017 1035
trif 1024 1019 1020
trif 1002 1001 1019
trif 1019 1001 1025
trif 1002 1019 1024
trif 1019 1000 1028
trif 1000 1019 1025
trif 1005 1028 1000
trif 1028 1005 1027
trif 1023 1027 1008
trif 1007 1026 1023
trif 1034 1026 1007
trif 1007 1023 1008
trif 1005 1008 1027
trif 156 183 171
trif 170 155 174
trif 216 213 1013
trif 164 140 145
trif 296 290 278
trif 1049 1038 1050
trif 2 5 379
trif 1048 1039 1038
trif 1047 1039 1048
trif 1049 1048 1038
trif 1050 1038 1022
trif 248 249 198
trif 172 181 180
trif 202 207 191
trif 1042 184 1018
trif 1040 1018 1041
trif 1129 1123 1139
trif 1045 1042 1046
trif 1012 1044 1045
trif 1043 1045 1044
trif 1043 1044 1015
trif 1045 1043 1042
trif 1039 1047 1021
trif 1055 1104 1091
trif 1103 1084 1054
trif 188 206 196
trif 1056 1103 1055
trif 1054 1067 1064
trif 1052 1102 1053
trif 1053 1051 1052
trif 824 861 850
trif 1053 1054 1064
trif 1060 1085 1059
trif 1059 1057 1058
trif 1058 1095 1059
trif 1061 1063 1065
trif 1062 1097 1096
trif 1060 1065 1066
trif 1093 1071 1094
trif 1070 1083 1106
trif 418 423 345
trif 1070 1093 1072
trif 1106 1081 1082
trif 1100 1098 1105
trif 1105 1069 1100
trif 603 544 509
trif 1105 1106 1082
trif 1101 1086 1076
trif 1076 1073 1074
trif 1074 1090 1076
trif 1077 1068 1080
trif 1079 1078 1089
trif 1101 1080 1087
trif 1112 1110 1135
trif 502 511 485
trif 1073 1086 1083
trif 297 289 288
trif 1037 997 1007
trif 1010 1006 1050
trif 428 452 453
trif 311 287 293
trif 953 980 943
trif 1116 1115 1136
trif 438 434 436
trif 757 722 723
trif 737 749 739
trif 1044 1032 1014
trif 748 758 738
trif 717 718 758
trif 474 551 515
trif 756 727 726
trif 731 742 741
trif 730 743 742
trif 1017 1029 1040
trif 1007 1008 1036
trif 1006 1036 1008
trif 1080 1068 1069
trif 87 88 104
trif 1022 1027 1023
trif 197 192 220
trif 948 982 957
trif 182 72 71
trif 1111 1117 1108
trif 622 628 700
trif 243 241 242
trif 818 851 862
trif 718 765 737
trif 1142 1120 1112
trif 350 358 351
trif 633 618 663
trif 815 783 837
trif 1140 1141 1136
trif 298 328 327
trif 239 243 244
trif 278 283 280
trif 194 200 219
trif 315 306 305
trif 248 262 251
trif 1002 1046 1047
trif 306 323 314
trif 262 260 257
trif 1122 1149 1123
trif 281 285 245
trif 186 190 187
trif 919 924 906
trif 1065 1081 1066
trif 298 330 328
trif 1124 1145 1144
trif 250 252 259
trif 317 321 301
trif 1148 1122 1127
trif 606 583 604
trif 215 212 209
trif 861 879 829
trif 306 314 318
trif 666 619 642
trif 1128 1144 1125
trif 717 723 722
trif 703 764 765
trif 317 300 319
trif 434 439 371
trif 317 313 321
trif 277 276 275
trif 149 150 180
trif 551 575 515
trif 206 223 205
trif 288 323 315
trif 1147 1139 1146
trif 234 185 236
trif 278 287 286
trif 1145 1120 1142
trif 256 253 252
trif 186 202 190
trif 1143 1141 1126
trif 458 459 457
trif 244 237 239
trif 284 274 283
trif 1143 1142 1135
trif 1145 1142 1143
trif 296 300 304
trif 203 188 200
trif 225 227 226
trif 1146 1150 1108
trif 164 145 162
trif 1148 1149 1122
trif 309 286 287
trif 690 672 676
trif 160 169 161
trif 381 382 383
trif 376 372 373
trif 349 348 370
trif 377 378 369
trif 377 456 372
trif 146 435 456
trif 351 357 387
trif 349 359 350
trif 386 356 385
trif 385 389 384
trif 388 387 357
trif 393 391 392
trif 394 390 393
trif 334 399 364
trif 352 355 396
trif 397 398 352
trif 353 399 395
trif 354 396 355
trif 470 701 698
trif 364 355 393
trif 401 417 402
trif 453 429 430
trif 762 711 713
trif 88 81 104
trif 288 316 294
trif 450 416 407
trif 418 345 403
trif 188 196 200
trif 444 412 445
trif 759 765 764
trif 188 192 206
trif 1046 1021 1047
trif 13 19 75
trif 379 413 380
trif 439 435 371
trif 1139 1150 1146
trif 440 456 455
trif 441 455 454
trif 463 453 452
trif 1006 1009 1036
trif 463 405 451
trif 931 912 937
trif 449 448 412
trif 378 377 464
trif 407 408 444
trif 444 410 411
trif 444 408 409
trif 17 34 19
trif 503 480 516
trif 342 353 395
trif 530 498 473
trif 844 995 821
trif 842 767 812
trif 900 877 903
trif 692 697 680
trif 599 588 579
trif 793 830 769
trif 780 795 799
trif 778 809 826
trif 786 777 771
trif 776 811 820
trif 781 812 804
trif 784 821 827
trif 481 513 528
trif 806 837 772
trif 833 814 785
trif 838 797 852
trif 823 783 815
trif 547 494 505
trif 775 805 833
trif 548 496 499
trif 473 492 529
trif 581 570 564
trif 853 804 868
trif 773 779 791
trif 857 798 887
trif 506 556 570
trif 850 873 883
trif 898 890 840
trif 538 529 492
trif 791 814 773
trif 503 554 480
trif 601 595 593
trif 265 266 267
trif 899 807 836
trif 870 856 813
trif 567 572 527
trif 537 516 480
trif 843 819 811
trif 770 817 854
trif 862 826 876
trif 784 813 856
trif 500 549 569
trif 889 863 803
trif 550 585 524
trif 886 867 816
trif 835 802 795
trif 809 841 870
trif 902 895 871
trif 845 887 877
trif 901 807 873
trif 481 521 538
trif 561 579 590
trif 523 564 571
trif 594 605 556
trif 903 772 900
trif 591 598 605
trif 885 899 851
trif 855 880 898
trif 541 583 595
trif 562 593 596
trif 860 878 896
trif 882 893 902
trif 3 380 413
trif 675 683 673
trif 493 475 525
trif 546 698 490
trif 600 586 576
trif 715 735 736
trif 716 750 715
trif 624 611 630
trif 961 979 934
trif 1117 1118 1123
trif 1119 1115 1116
trif 1111 1150 1109
trif 482 520 475
trif 639 631 662
trif 635 632 661
trif 633 640 618
trif 698 702 471
trif 689 693 682
trif 782 847 825
trif 450 463 406
trif 687 694 681
trif 386 388 356
trif 645 614 655
trif 644 659 667
trif 947 911 950
trif 691 674 645
trif 712 711 706
trif 1006 1010 1009
trif 695 697 692
trif 682 671 691
trif 670 643 675
trif 696 688 670
trif 673 653 677
trif 941 911 973
trif 678 664 687
trif 681 672 690
trif 692 680 696
trif 531 571 474
trif 968 949 981
trif 702 472 714
trif 766 1037 996
trif 995 905 766
trif 708 705 763
trif 727 720 726
trif 1025 1048 1049
trif 201 202 186
trif 483 497 501
trif 715 736 716
trif 937 922 910
trif 423 430 431
trif 714 713 712
trif 964 939 913
trif 753 743 730
trif 1012 1011 1033
trif 308 283 286
trif 537 514 507
trif 527 559 567
trif 1043 1030 1042
trif 284 277 282
trif 259 261 257
trif 517 542 487
trif 1041 1016 1017
trif 1013 1018 184
trif 747 754 755
trif 1031 1015 1014
trif 308 279 284
trif 258 257 260
trif 1027 1038 1028
trif 944 915 963
trif 1039 1028 1038
trif 721 725 757
trif 1020 1040 1029
trif 524 563 550
trif 752 714 750
trif 417 406 451
trif 716 707 711
trif 205 189 248
trif 369 393 146
trif 567 534 572
trif 769 788 793
trif 838 853 868
trif 565 587 513
trif 909 946 940
trif 568 590 519
trif 872 854 817
trif 759 733 732
trif 1056 1085 1084
trif 573 552 540
trif 607 477 508
trif 504 566 592
trif 909 979 961
trif 963 935 944
trif 487 525 517
trif 277 275 281
trif 782 825 830
trif 289 322 305
trif 921 1037 925
trif 832 766 796
trif 73 182 174
trif 542 508 477
trif 491 510 536
trif 849 800 865
trif 831 1007 801
trif 439 454 435
trif 995 999 905
trif 848 808 866
trif 990 978 993
trif 495 511 478
trif 575 560 522
trif 732 737 759
trif 918 999 923
trif 872 847 839
trif 864 828 770
trif 484 533 546
trif 728 755 756
trif 563 532 479
trif 822 859 874
trif 484 526 535
trif 1021 1019 1039
trif 557 576 587
trif 1119 1113 1137
trif 182 74 72
trif 874 866 808
trif 871 834 891
trif 518 540 555
trif 776 803 863
trif 254 285 245
trif 884 865 800
trif 374 444 375
trif 858 881 897
trif 894 892 848
trif 569 596 500
trif 896 888 849
trif 250 251 252
trif 603 585 550
trif 897 891 834
trif 217 187 224
trif 479 518 555
trif 476 519 534
trif 774 816 867
trif 1114 1138 1113
trif 931 954 912
trif 976 969 988
trif 625 613 620
trif 629 638 621
trif 615 646 625
trif 660 648 685
trif 627 640 616
trif 657 686 634
trif 197 196 195
trif 665 649 617
trif 636 620 613
trif 621 701 629
trif 647 630 611
trif 928 997 959
trif 952 971 907
trif 932 905 958
trif 597 578 509
trif 651 617 649
trif 936 965 972
trif 623 616 638
trif 1002 1024 1046
trif 679 615 658
trif 660 652 624
trif 960 974 986
trif 973 984 941
trif 385 356 389
trif 273 717 718
trif 658 657 634
trif 930 966 970
trif 669 637 676
trif 970 983 930
trif 972 981 936
trif 977 967 989
trif 985 988 966
trif 986 989 960
trif 677 656 612
trif 987 991 965
trif 992 993 974
trif 690 676 637
trif 1037 1007 767
trif 502 485 536
trif 1065 1080 1082
trif 995 997 998
trif 326 314 291
trif 1121 1118 1119
trif 948 957 919
trif 197 220 219
trif 1022 1023 1010
trif 87 104 86
trif 1080 1069 1082
trif 1006 1008 1005
trif 1007 1036 997
trif 1017 1040 1041
trif 730 742 731
trif 976 984 969
trif 731 741 765
trif 756 726 728
trif 474 515 531
trif 717 758 748
trif 748 738 739
trif 1044 1014 1015
trif 737 739 738
trif 757 723 721
trif 438 436 370
trif 1116 1136 1107
trif 953 943 921
trif 1034 767 1026
trif 311 293 295
trif 428 453 430
trif 1001 1002 1047
trif 1010 1050 1022
trif 297 288 294
trif 1055 1103 1104
trif 1103 1056 1084
trif 1073 1083 1072
trif 1054 1084 1067
trif 1052 1088 1102
trif 1053 1064 1051
trif 1112 1135 1142
trif 1060 1066 1085
trif 1059 1085 1057
trif 1058 1092 1095
trif 1061 1062 1063
trif 1062 1061 1097
trif 1060 1061 1065
trif 1093 1070 1071
trif 1070 1072 1083
trif 577 554 503
trif 1106 1083 1081
trif 1100 1099 1098
trif 1105 1082 1069
trif 1064 1063 1051
trif 1101 1087 1086
trif 1076 1086 1073
trif 1074 1075 1090
trif 1077 1079 1068
trif 1079 1077 1078
trif 1101 1077 1080
trif 1083 1066 1081
trif 1084 1087 1067
trif 1084 1083 1086
trif 1080 1067 1087
trif 266 270 267
trif 1051 1079 1052
trif 1089 1052 1079
trif 1102 1089 1078
trif 1091 1090 1075
trif 1091 1074 1055
trif 1073 1055 1074
trif 1072 1056 1073
trif 1057 1093 1058
trif 1094 1058 1093
trif 1095 1094 1071
trif 1099 1097 1098
trif 1096 1100 1062
trif 1069 1062 1100
trif 1051 1069 1068
trif 1077 1102 1078
trif 1053 1101 1054
trif 1090 1103 1076
trif 1076 1054 1101
trif 1070 1095 1071
trif 1059 1106 1060
trif 1098 1061 1105
trif 1105 1060 1106
trif 154 171 183
trif 709 740 706
trif 761 735 734
trif 1110 1107 1136
trif 1147 1127 1129
trif 1133 1141 1134
trif 1121 1131 1132
trif 1126 1128 1125
trif 917 914 929
trif 592 558 582
trif 1120 1124 1107
trif 1026 1010 1023
trif 229 224 191
trif 1130 1124 1128
trif 322 315 305
trif 200 197 219
trif 1139 1132 1131
trif 953 938 980
trif 763 740 707
trif 1000 1003 1005
trif 1000 1049 1050
trif 1135 1141 1143
trif 852 810 775
trif 1107 1121 1119
trif 929 916 917
trif 512 553 539
trif 1125 1144 1145
trif 1125 1143 1126
trif 1108 1149 1146
trif 718 325 324


color 0.4 0.5 0.6
xyz -20 0 -15
xyz 20 0 -15
xyz 20 20 -15
xyz -20 20 -15
trif -4 -3 -2
trif -2 -1 -4

xyz 20 20 -15
xyz -20 20 -15
xyz -20 20 -45
xyz 20 20 -45
trif -4 -3 -2
trif -2 -1 -4

xyz 20 0 -15
xyz 20 20 -15
xyz 20 20 -45
xyz 20 0 -45
trif -4 -3 -2
trif -2 -1 -4


transparency 1
shininess 0.25
ior 2
sphere -3 22.5 2 5

transparency 0
shininess 1 0.75 0.5
color 1 0.75 0.5
sphere -25 15 2 15
