png 120 120 hw1stripn.png
xyc 60.0 118.0 #b72dd9
xyrgb 60.0 90.0 250 235 4
xyc 93.486315613 118.0 #2f9724
xyrgb 77.3205080757 90.0 151 69 72
xyc 118.0 93.486315613 #02b944
xyrgb 90.0 77.3205080757 203 29 172
xyc 118.0 60.0 #669380
xyrgb 90.0 60.0 5 160 242
xyc 118.0 26.513684387 #9d8091
xyrgb 90.0 42.6794919243 171 1 21
xyc 93.486315613 2.0 #a25f5a
xyrgb 77.3205080757 30.0 233 186 44
xyc 60.0 2.0 #bf1e4d
xyrgb 60.0 30.0 31 214 247
xyc 26.513684387 2.0 #31eb1d
xyrgb 42.6794919243 30.0 23 98 101
xyc 2.0 26.513684387 #67a498
xyrgb 30.0 42.6794919243 199 188 102
xyc 2.0 60.0 #6a783e
xyrgb 30.0 60.0 204 203 198
xyc 2.0 93.486315613 #9e15c0
xyrgb 30.0 77.3205080757 216 175 157
xyc 26.513684387 118.0 #d6c80f
xyrgb 42.6794919243 90.0 178 114 123
stripn 26 1 2 3 4 5 6 7 8 9 10 11 12 13 14 15 16 17 18 19 20 21 22 23 24 1 2
