png 240 240 hw2chaos.png
xyz -0.39 0.69 -0.98
xyz 0.05 -0.17 0.12
xyz -0.48 -0.88 0.56
color 0.54 -0.08 1.63
loadmv -0.6 0.75 1.09 -1.13 -0.66 -0.73 1.45 -1.34 0.89 -0.5 1.44 -2.49 0 0 0 1
trif 1 2 3

color 0.68 0.47 0.76
loadmv -1.65 0.25 -1.87 -0.27 2.4 1.1 -0.94 1.04 1.16 -1.69 -0.04 0.48 0 0 0 1
xyz -0.19 -0.1 -0.68
trif 1 2 3
trif 2 3 4

xyz 0.83 1.38 1.2
color -0.04 0.17 0.6
loadmv 0.12 0.03 1.22 -1.16 -1.0 0.8 0.29 -0.66 -0.54 -0.78 -0.52 -0.19 0 0 0 1
trif 1 2 3
trif 2 3 4
trif 3 4 5

xyz -0.82 -0.76 -0.27
color 0.31 0.49 0.38
loadmv 0.05 -0.57 -0.0 2.32 -1.11 -0.03 -0.58 1.3 -0.48 0.93 1.22 1.68 0 0 0 1
trif 1 2 3
trif 2 3 4
trif 3 4 5
trif 4 5 6

xyz 0.12 -0.67 1.8
color 1.12 -0.33 0.37
loadmv 0.41 -0.0 0.41 0.34 -1.58 -0.51 -1.32 -1.61 -0.16 -0.85 0.83 0.54 0 0 0 1
trif 1 2 3
trif 2 3 4
trif 3 4 5
trif 4 5 6
trif 5 6 7

xyz 0.11 -0.3 -1.23
color 0.44 1.01 0.09
loadmv -1.64 0.9 -1.14 -0.38 -0.35 -0.55 0.11 -0.26 -2.66 -0.2 3.35 -0.82 0 0 0 1
trif 1 2 3
trif 2 3 4
trif 3 4 5
trif 4 5 6
trif 5 6 7
trif 6 7 8

